4u0115,         01 18 31.9,   63 44 24,    2000
ls235,          1 47 00,      61 21 23,    2000
3c66a,          02 22 40,     43 02 08,    2000
ao0235,         02 38 39,     16 36 59,    2000
ls303,          2 40 30.4,    61 13 50,    2000
h187,           03 44 39.3,   32 07 34.0,  2000
cta26,          03 39 31,    -01 46 36,    2000
3c111,          04 18 21,     38 01 36,    2000
cicam,          04 19 45,     56 00 00,    2000
pks0420,        04 23 16,    -01 20 33,    2000
pks0528,        05 30 56,     13 31 55,    2000
p2248,          05 35 51,    -05 40 28,    2000
a0535,          05 38 54.1,   26 18 57,    2000
v1118ori,       05 34 44,    -05 33 41,    2000
trap,           05 35 16,    -05 23 07,    2000
TXS,            05 39 42.3,   14 33 46,    2000
cb34,           05 46 57,     20 56 50,    2000
kh15d,          06 41 10.4,   09 28 33.7,  2000
1ES0647+250,    06 50 46.5,   25 03 00,    2000
0650,           06 54 23.7,   45 14 24,    2000
s50716+714,     07 21 53.4,   71 20 36,    2000
pks0735+178*,   07 38 07.3,   17 42 19,    2000
sdss0804,       08 04 34.2,   51 03 49,    2000
oj248,          08 30 52.1,   24 11 00,    2000
oj049,          08 31 48.9,   04 29 39,    2000
q0836,          08 41 24.3,   70 53 42,    2000
oj287*,         08 54 48.9,   20 06 31,    2000
s40917+624,     09 21 36.2,   62 15 52,    2000
s40954+65,      09 58 47.2,   65 33 54.8,  2000
q1127*,         11 30 07.0,  -14 49 27,    2000
q1156*,         11 59 32.1,   29 14 42,    2000
ngc3190,        10 18 03.7,   21 50 06,    2000
ngc3227,        10 23 31.1,   19 51 32,    2000
s41030,         10 33 51.7,   60 51 06,    2000
SN2012aw,       10 43 53.7,   11 40 17.7,  2000
pks1055,        10 58 27.0,   01 33 59.0,  2000
mkn421,         11 04 27.3,   38 12 32,    2000
ngc4051,        12 03 09,     44 32 05,    2000
ngc4151,        12 10 31.1,   39 24 31,    2000
ngc4565,        12 36 21.1,   25 59 13,    2000
m100,           12 22 54.9,   15 49 19,    2000
m101,           14 03 12.5,   54 20 53,    2000
ngc4395,        12 25 48.9,   33 32 48,    2000
w_com*,         12 21 31.7,   28 13 58.5,  2000
pks1222,        12 24 54.4,   21 22 46,    2000
3c273*,         12 29 06.7,   02 03 09,    2000
3c279*,         12 56 11.2,  -05 47 21,    2000
SN2012o,        13 00 39.9,   27 55 24.4,  2000
b21308,         13 10 28.7,   32 20 43.8,  2000
q1354,          13 57 04.4,   19 19 08,    2000
pks1406,        14 08 56.5,  -07 52 27,    2000
oq530*,         14 19 46.6,   54 23 14.8,  2000
oq240*,         14 27 00.4,   23 48 00,    2000
pks1510*,       15 12 50.53, -09 05 58.99, 2000
q1606,          16 08 46,     10 29 08,    2000
q1611,          16 13 41,     34 12 48,    2000
q1633,          16 35 15,     38 08 04,    2000
3c345*,         16 42 58.8,   39 48 37,    2000
mkn501*,        16 53 52,     39 45 36,    2000
h1722,          17 25 04.4,   11 52 15.6,  2000
ot081,          17 51 32.8,   09 39 01,    2000
s51803+784,     18 00 46.0,   78 28 04,    2000
3c371,          18 06 51,     69 49 28,    2000
ls5039,         18 26 15,    -14 51 00,    2000
ss433,          19 11 49.56,  04 58 57.6,  2000
cygx1,          19 58 21.7,   35 12 02,    2000
pvcep,          20 45 53.9,   67 57 39,    2000
agn2001,        20 01 34,     43 55 00,    2000
hbc722,         20 58 17,     43 53 43,    2000
v1057,          20 58 54,     44 15 27,    2000
j2103,          21 03 36,     45 45 04,    2000
bllac,          22 02 43.3,   42 16 40,    2000
cta102,         22 32 36.4,   11 43 51.3,  2000
3c454_3,        22 53 57.7,   16 08 54,    2000
